0 -1 -4.59917e-16
0.000166667 -0.779559 -3.58358e-16
0.000333333 -0.3202 -1.55553e-16
0.0005 0.0428009 1.5589e-17
0.000666667 0.200117 8.2323e-17
0.000833333 0.231924 1.03426e-16
0.001 0.212356 1.00179e-16
0.00116667 0.164245 7.96114e-17
0.00133333 0.105131 4.18978e-17
0.0015 0.0595481 3.69736e-17
0.00166667 0.0403168 1.18446e-17
0.00183333 0.0404081 1.57954e-17
0.002 0.0433854 2.6731e-17
0.00216667 0.0380973 1.49563e-17
0.00233333 0.0254543 1.0748e-17
0.0025 0.0148618 3.43757e-18
0.00266667 0.0148618 -2.33647e-19
0.00283333 0.0254543 1.32651e-17
0.003 0.0380973 1.43886e-17
0.00316667 0.0433854 5.94512e-18
0.00333333 0.0404081 1.50652e-17
0.0035 0.0403168 2.36947e-17
0.00366667 0.0595481 1.69217e-17
0.00383333 0.105131 3.69938e-17
0.004 0.164245 7.69749e-17
0.00416667 0.212356 9.69688e-17
0.00433333 0.231924 9.87824e-17
0.0045 0.200117 6.8875e-17
0.00466667 0.0428009 1.80897e-17
0.00483333 -0.3202 -1.28473e-16
0.005 -0.779559 -3.59959e-16
0.00516667 -1 -4.4576e-16
