0 0.104346 0
0.0002 0.296663 0
0.0004 0.418539 0
0.0006 0.472681 0
0.0008 0.477474 0
0.001 0.391355 0
0.0012 0.272267 0
0.0014 0.247321 0
0.0016 0.30779 0
0.0018 0.358954 0
0.002 0.39129 0
0.0022 0.414774 0
0.0024 0.379272 0
0.0026 0.30127 0
0.0028 0.282192 0
0.003 0.33272 0
0.0032 0.37281 0
0.0034 0.38864 0
0.0036 0.402571 0
0.0038 0.376323 0
0.004 0.305054 0
0.0042 0.274774 0
0.0044 0.318436 0
0.0046 0.369264 0
0.0048 0.392763 0
0.005 0.402858 0
0.0052 0.379383 0
0.0054 0.32079 0
0.0056 0.296937 0
0.0058 0.337112 0
0.006 0.381442 0
0.0062 0.396141 0
0.0064 0.39818 0
0.0066 0.37355 0
0.0068 0.314883 0
0.007 0.284118 0
0.0072 0.317554 0
0.0074 0.362891 0
0.0076 0.383382 0
0.0078 0.397093 0
0.008 0.390581 0
0.0082 0.338513 0
0.0084 0.28965 0
0.0086 0.300523 0
0.0088 0.341724 0
0.009 0.367699 0
0.0092 0.384069 0
0.0094 0.387235 0
0.0096 0.354045 0
0.0098 0.311867 0
