0 -9.18104e-16 2.03919e-15
3.90625e-07 0.00410886 -0.000175812
7.8125e-07 0.0960291 -0.00290308
1.17187e-06 0.220189 -0.00952684
1.5625e-06 0.310294 -0.0172425
1.95313e-06 0.382922 -0.0228425
2.34375e-06 0.46392 -0.026536
2.73437e-06 0.542056 -0.0292835
3.125e-06 0.59801 -0.0295742
3.51562e-06 0.603815 -0.0281853
3.90625e-06 0.587008 -0.0224412
4.29688e-06 0.566741 -0.0152101
4.6875e-06 0.559897 -0.00857889
5.07812e-06 0.565075 -0.00428267
5.46875e-06 0.560731 -0.00360268
5.85938e-06 0.531575 -0.00329807
6.25e-06 0.481218 -0.00141865
6.64062e-06 0.424914 0.00031163
7.03125e-06 0.390632 0.00158192
7.42187e-06 0.383082 0.000726938
7.8125e-06 0.386593 -0.00149949
8.20312e-06 0.387501 -0.00147827
8.59375e-06 0.378971 -2.36243e-06
8.98437e-06 0.369718 -0.000742708
9.375e-06 0.367802 -0.00345377
9.76563e-06 0.370938 -0.00692583
1.01562e-05 0.373567 -0.00963454
1.05469e-05 0.37255 -0.0101865
1.09375e-05 0.36283 -0.0105695
1.13281e-05 0.350128 -0.0120038
1.17188e-05 0.339507 -0.015078
1.21094e-05 0.326786 -0.0200255
1.25e-05 0.307817 -0.0240688
1.28906e-05 0.280214 -0.0261165
1.32812e-05 0.249858 -0.0292524
1.36719e-05 0.226884 -0.0331762
1.40625e-05 0.215315 -0.0378915
1.44531e-05 0.209684 -0.0436947
1.48437e-05 0.205308 -0.0479186
1.52344e-05 0.194042 -0.0497015
1.5625e-05 0.176988 -0.0514536
1.60156e-05 0.162549 -0.0546186
1.64062e-05 0.154304 -0.0582192
1.67969e-05 0.148676 -0.0617183
1.71875e-05 0.142013 -0.0637386
1.75781e-05 0.129145 -0.0649452
1.79687e-05 0.11044 -0.0671496
1.83594e-05 0.093894 -0.0690619
1.875e-05 0.0814412 -0.0717299
1.91406e-05 0.0732926 -0.0749059
1.95313e-05 0.0671259 -0.0774911
1.99219e-05 0.0574981 -0.0781344
2.03125e-05 0.047421 -0.0783601
2.07031e-05 0.0398288 -0.0791152
2.10938e-05 0.0347421 -0.0799265
2.14844e-05 0.0335775 -0.0811862
2.1875e-05 0.0340362 -0.0817374
2.22656e-05 0.0324304 -0.0808457
2.26562e-05 0.0279756 -0.0802444
2.30469e-05 0.023012 -0.0808492
2.34375e-05 0.0193068 -0.0822893
2.38281e-05 0.0172792 -0.0821736
2.42187e-05 0.0162414 -0.0801277
2.46094e-05 0.0127903 -0.0770906
