0 4.61371e-19 -4.69126e-18
3.90625e-07 -0.000109717 1.06286e-06
7.8125e-07 -0.00323069 -2.75206e-05
1.17187e-06 -0.0161124 -0.000358078
1.5625e-06 -0.039434 -0.00135481
1.95313e-06 -0.0669449 -0.00346386
2.34375e-06 -0.094415 -0.00750988
2.73437e-06 -0.113357 -0.0129088
3.125e-06 -0.114695 -0.0174183
3.51562e-06 -0.100286 -0.0202879
3.90625e-06 -0.0775634 -0.0221299
4.29688e-06 -0.051653 -0.0235685
4.6875e-06 -0.0253533 -0.0246772
5.07812e-06 -0.00475597 -0.0262261
5.46875e-06 0.00555807 -0.0286786
5.85938e-06 0.00699078 -0.0306891
6.25e-06 0.00235244 -0.0314613
6.64062e-06 -0.00601736 -0.031476
7.03125e-06 -0.0162253 -0.0319845
7.42187e-06 -0.0252079 -0.0329778
7.8125e-06 -0.0317238 -0.0342345
8.20312e-06 -0.0340645 -0.0348535
8.59375e-06 -0.0323609 -0.0350308
8.98437e-06 -0.0285018 -0.0353219
9.375e-06 -0.023904 -0.0356824
9.76563e-06 -0.0192533 -0.0356094
1.01562e-05 -0.0141376 -0.0347412
1.05469e-05 -0.00853237 -0.033319
1.09375e-05 -0.00343064 -0.0315308
1.13281e-05 0.000228962 -0.0303227
1.17188e-05 0.00186442 -0.0298537
1.21094e-05 0.00154865 -0.029494
1.25e-05 0.000212214 -0.0289007
1.28906e-05 -0.00109776 -0.0276878
1.32812e-05 -0.00213595 -0.0265095
1.36719e-05 -0.00261072 -0.025598
1.40625e-05 -0.00228062 -0.0251192
1.44531e-05 -0.00150395 -0.0248863
1.48437e-05 -0.000142367 -0.0240057
1.52344e-05 0.00176012 -0.0228414
1.5625e-05 0.00393708 -0.021598
1.60156e-05 0.00578023 -0.0206599
1.64062e-05 0.00703645 -0.0201272
1.67969e-05 0.00749624 -0.0200363
1.71875e-05 0.00773812 -0.0195172
1.75781e-05 0.00799245 -0.0186882
1.79687e-05 0.0078543 -0.0179935
1.83594e-05 0.00725709 -0.0171269
1.875e-05 0.00598749 -0.0167048
1.91406e-05 0.00459726 -0.0168455
1.95313e-05 0.00342118 -0.0168886
1.99219e-05 0.00303143 -0.016414
2.03125e-05 0.00320371 -0.0154741
2.07031e-05 0.00392407 -0.0148095
2.10938e-05 0.00428153 -0.0144396
2.14844e-05 0.00473722 -0.0144175
2.1875e-05 0.00552787 -0.0143504
2.22656e-05 0.00706137 -0.0138404
2.26562e-05 0.00829944 -0.0130292
2.30469e-05 0.00892831 -0.0124811
2.34375e-05 0.00863252 -0.0123914
2.38281e-05 0.00755378 -0.0118305
2.42187e-05 0.00662371 -0.0111681
2.46094e-05 0.00552457 -0.0103179
